2.644747634
-0.4403921416
0.759853097
0.915342722
0.4806740614
0.6357324
1.244466468
0.09646842798
1.527684361
1.531670937
2.123252237
1.917793978
2.660309212
-1.004943886
1.363789518
0.9178661038
2.794223096
0.9719436706
0.1719884493
3.107034329
1.676883857
-1.143413762
2.241901281
1.757652061
0.2491386053
1.199710821
0.7149000634
1.804560063
3.634754593
1.006897446
-0.3350022038
2.602397758
-0.02339140014
-1.025100164
6.090626652
2.227755055
2.416235681
-1.075539882
2.431527111
0.710984713
2.464176143
-0.4052809696
4.497776218
2.450123878
1.262846243
0.9987943728
0.4546263788
1.290846316
3.923828797
0.7674495704
0.472509444
2.740828058
0.6206425282
-0.07474813902
1.976890388
1.560144413
2.472246625
2.214642903
-2.115711625
0.572230262
2.427760055
5.191013735
0.7167438716
1.814883526
2.719586305
1.772430676
0.2425095386
0.524868486
0.7380706635
0.5836210102
2.287562829
3.73817927