3.052396312
-0.5789345034
1.033944252
0.9124601368
1.806825724
1.34031222
-0.09338550642
0.1577062476
1.131058269
1.164155414
3.153738879
0.760091109
2.636932099
1.588530813
2.15716838
1.617807673
0.7078385679
1.629180772
0.5420528984
0.04650625857
1.115444858
1.22253023
1.920910205
0.855547935
1.029482491
0.1335214351
0.06212500792
2.353236004
0.560591402
1.48615057
-0.3605021996
2.991315979
-0.9462874021
-1.50462306
2.389846816
1.057470061
2.24375588
0.1647394877
0.6156811858
2.54046759
0.3181623508
-0.5621656037
1.837247976
2.95754699
2.412639916
0.8357153475
0.8332247842
1.043612552
2.421437792
0.04032005779
3.149807318
1.725690975
1.753766808
-0.1610907185
1.96879426
0.5408607893
-0.3353458392
1.906558068
-4.163727352
0.4751043039
2.815850545
3.628153542
0.1487813467
1.302484764
1.478512427
2.222978631
-0.3784282185
0.5912123366
0.5203769464
-0.01933924847
1.25584532
4.823912492